,Rnk,BIB,Rider,Age,Team,UCI,Pnt,Time,Name,Stage,Date,Avg. speed winner,ProfileScore,Distance,RaceRanking
0,1,31,VAN AVERMAET Greg,31,BMC Racing Team,500.0,225.0,5:39:05,Gent_Wevelgem_in_Flanders_Fields_ME,0,26 March 2017,44.06 km/h,0,249 km,23
1,2,101,KEUKELEIRE Jens,28,ORICA-Scott,400.0,150.0,",,0:00",Gent_Wevelgem_in_Flanders_Fields_ME,0,26 March 2017,44.06 km/h,0,249 km,23
2,3,1,SAGAN Peter,27,BORA - hansgrohe,325.0,110.0,0:060:06,Gent_Wevelgem_in_Flanders_Fields_ME,0,26 March 2017,44.06 km/h,0,249 km,23
3,4,17,TERPSTRA Niki,32,Quick-Step Floors,275.0,90.0,",,0:06",Gent_Wevelgem_in_Flanders_Fields_ME,0,26 March 2017,44.06 km/h,0,249 km,23
4,5,167,DEGENKOLB John,28,Trek - Segafredo,225.0,80.0,",,0:06",Gent_Wevelgem_in_Flanders_Fields_ME,0,26 March 2017,44.06 km/h,0,249 km,23
5,6,11,BOONEN Tom,36,Quick-Step Floors,175.0,70.0,",,0:06",Gent_Wevelgem_in_Flanders_Fields_ME,0,26 March 2017,44.06 km/h,0,249 km,23
6,7,21,DEBUSSCHERE Jens,27,Lotto Soudal,150.0,60.0,",,0:06",Gent_Wevelgem_in_Flanders_Fields_ME,0,26 March 2017,44.06 km/h,0,249 km,23
7,8,155,MATTHEWS Michael,26,Team Sunweb,125.0,50.0,",,0:06",Gent_Wevelgem_in_Flanders_Fields_ME,0,26 March 2017,44.06 km/h,0,249 km,23
8,9,14,GAVIRIA Fernando,22,Quick-Step Floors,100.0,46.0,",,0:06",Gent_Wevelgem_in_Flanders_Fields_ME,0,26 March 2017,44.06 km/h,0,249 km,23
9,10,176,MODOLO Sacha,29,UAE Team Emirates,85.0,42.0,",,0:06",Gent_Wevelgem_in_Flanders_Fields_ME,0,26 March 2017,44.06 km/h,0,249 km,23
10,11,228,VANTOMME Maxime,31,WB Veranclassic Aqua Protect,70.0,38.0,",,0:06",Gent_Wevelgem_in_Flanders_Fields_ME,0,26 March 2017,44.06 km/h,0,249 km,23
11,12,186,VAN LERBERGHE Bert,24,Sport Vlaanderen - Baloise,60.0,34.0,",,0:06",Gent_Wevelgem_in_Flanders_Fields_ME,0,26 March 2017,44.06 km/h,0,249 km,23
12,13,64,COLBRELLI Sonny,26,Bahrain Merida Pro Cycling Team,50.0,30.0,",,0:06",Gent_Wevelgem_in_Flanders_Fields_ME,0,26 March 2017,44.06 km/h,0,249 km,23
13,14,6,SAGAN Juraj,28,BORA - hansgrohe,40.0,26.0,",,0:06",Gent_Wevelgem_in_Flanders_Fields_ME,0,26 March 2017,44.06 km/h,0,249 km,23
14,15,214,LAPORTE Christophe,24,"Cofidis, Solutions Crédits",35.0,22.0,",,0:06",Gent_Wevelgem_in_Flanders_Fields_ME,0,26 March 2017,44.06 km/h,0,249 km,23
15,16,154,KRAGH ANDERSEN Søren,22,Team Sunweb,30.0,20.0,",,0:06",Gent_Wevelgem_in_Flanders_Fields_ME,0,26 March 2017,44.06 km/h,0,249 km,23
16,17,2,BENNETT Sam,26,BORA - hansgrohe,30.0,18.0,",,0:06",Gent_Wevelgem_in_Flanders_Fields_ME,0,26 March 2017,44.06 km/h,0,249 km,23
17,18,136,VAN EMDEN Jos,32,Team LottoNL-Jumbo,30.0,17.0,",,0:06",Gent_Wevelgem_in_Flanders_Fields_ME,0,26 March 2017,44.06 km/h,0,249 km,23
18,19,162,THEUNS Edward,25,Trek - Segafredo,30.0,16.0,",,0:06",Gent_Wevelgem_in_Flanders_Fields_ME,0,26 March 2017,44.06 km/h,0,249 km,23
19,20,191,VAN KEIRSBULCK Guillaume,26,Wanty - Groupe Gobert,30.0,15.0,",,0:06",Gent_Wevelgem_in_Flanders_Fields_ME,0,26 March 2017,44.06 km/h,0,249 km,23
20,21,142,STANNARD Ian,29,Team Sky,20.0,14.0,",,0:06",Gent_Wevelgem_in_Flanders_Fields_ME,0,26 March 2017,44.06 km/h,0,249 km,23
21,22,41,NAESEN Oliver,26,AG2R La Mondiale,20.0,13.0,",,0:06",Gent_Wevelgem_in_Flanders_Fields_ME,0,26 March 2017,44.06 km/h,0,249 km,23
22,23,246,VERMELTFOORT Coen,28,Roompot - Nederlandse Loterij,20.0,12.0,",,0:06",Gent_Wevelgem_in_Flanders_Fields_ME,0,26 March 2017,44.06 km/h,0,249 km,23
23,24,96,BENNATI Daniele,36,Movistar Team,20.0,11.0,",,0:06",Gent_Wevelgem_in_Flanders_Fields_ME,0,26 March 2017,44.06 km/h,0,249 km,23
24,25,175,MARCATO Marco,33,UAE Team Emirates,20.0,10.0,",,0:06",Gent_Wevelgem_in_Flanders_Fields_ME,0,26 March 2017,44.06 km/h,0,249 km,23
25,26,107,MEZGEC Luka,28,ORICA-Scott,20.0,9.0,",,0:06",Gent_Wevelgem_in_Flanders_Fields_ME,0,26 March 2017,44.06 km/h,0,249 km,23
26,27,38,VLIEGEN Loïc,23,BMC Racing Team,20.0,8.0,",,0:06",Gent_Wevelgem_in_Flanders_Fields_ME,0,26 March 2017,44.06 km/h,0,249 km,23
27,28,98,SÜTTERLIN Jasha,24,Movistar Team,20.0,7.0,",,0:06",Gent_Wevelgem_in_Flanders_Fields_ME,0,26 March 2017,44.06 km/h,0,249 km,23
28,29,118,THWAITES Scott,27,Team Dimension Data,20.0,6.0,",,0:06",Gent_Wevelgem_in_Flanders_Fields_ME,0,26 March 2017,44.06 km/h,0,249 km,23
29,30,193,OFFREDO Yoann,30,Wanty - Groupe Gobert,20.0,5.0,",,0:06",Gent_Wevelgem_in_Flanders_Fields_ME,0,26 March 2017,44.06 km/h,0,249 km,23
30,31,23,MAES Nikolas,30,Lotto Soudal,10.0,5.0,",,0:06",Gent_Wevelgem_in_Flanders_Fields_ME,0,26 March 2017,44.06 km/h,0,249 km,23
31,32,71,BETTIOL Alberto,23,Cannondale-Drapac Pro Cycling Team,10.0,5.0,",,0:06",Gent_Wevelgem_in_Flanders_Fields_ME,0,26 March 2017,44.06 km/h,0,249 km,23
32,33,58,VALGREN Michael,25,Astana Pro Team,10.0,5.0,",,0:06",Gent_Wevelgem_in_Flanders_Fields_ME,0,26 March 2017,44.06 km/h,0,249 km,23
33,34,46,HOULE Hugo,26,AG2R La Mondiale,10.0,5.0,",,0:06",Gent_Wevelgem_in_Flanders_Fields_ME,0,26 March 2017,44.06 km/h,0,249 km,23
34,35,135,TANKINK Bram,38,Team LottoNL-Jumbo,10.0,5.0,",,0:06",Gent_Wevelgem_in_Flanders_Fields_ME,0,26 March 2017,44.06 km/h,0,249 km,23
35,36,213,HOFSTETTER Hugo,23,"Cofidis, Solutions Crédits",10.0,5.0,",,0:06",Gent_Wevelgem_in_Flanders_Fields_ME,0,26 March 2017,44.06 km/h,0,249 km,23
36,37,62,BONIFAZIO Niccolò,23,Bahrain Merida Pro Cycling Team,10.0,5.0,",,0:06",Gent_Wevelgem_in_Flanders_Fields_ME,0,26 March 2017,44.06 km/h,0,249 km,23
37,38,184,VAN GESTEL Dries,22,Sport Vlaanderen - Baloise,10.0,5.0,",,0:06",Gent_Wevelgem_in_Flanders_Fields_ME,0,26 March 2017,44.06 km/h,0,249 km,23
38,39,33,OSS Daniel,30,BMC Racing Team,10.0,5.0,",,0:06",Gent_Wevelgem_in_Flanders_Fields_ME,0,26 March 2017,44.06 km/h,0,249 km,23
39,40,54,GRIVKO Andrey,33,Astana Pro Team,10.0,5.0,",,0:06",Gent_Wevelgem_in_Flanders_Fields_ME,0,26 March 2017,44.06 km/h,0,249 km,23
40,41,22,ROELANDTS Jürgen,31,Lotto Soudal,10.0,5.0,",,0:06",Gent_Wevelgem_in_Flanders_Fields_ME,0,26 March 2017,44.06 km/h,0,249 km,23
41,42,32,DILLIER Silvan,26,BMC Racing Team,10.0,5.0,",,0:06",Gent_Wevelgem_in_Flanders_Fields_ME,0,26 March 2017,44.06 km/h,0,249 km,23
42,43,105,DOCKER Mitchell,30,ORICA-Scott,10.0,5.0,0:130:13,Gent_Wevelgem_in_Flanders_Fields_ME,0,26 March 2017,44.06 km/h,0,249 km,23
43,44,111,BOASSON HAGEN Edvald,29,Team Dimension Data,10.0,5.0,",,0:13",Gent_Wevelgem_in_Flanders_Fields_ME,0,26 March 2017,44.06 km/h,0,249 km,23
44,45,168,DE KORT Koen,34,Trek - Segafredo,10.0,5.0,",,0:13",Gent_Wevelgem_in_Flanders_Fields_ME,0,26 March 2017,44.06 km/h,0,249 km,23
45,46,161,STUYVEN Jasper,24,Trek - Segafredo,10.0,5.0,",,0:13",Gent_Wevelgem_in_Flanders_Fields_ME,0,26 March 2017,44.06 km/h,0,249 km,23
46,47,104,JUUL-JENSEN Christopher,27,ORICA-Scott,10.0,5.0,",,0:13",Gent_Wevelgem_in_Flanders_Fields_ME,0,26 March 2017,44.06 km/h,0,249 km,23
47,48,15,VERMOTE Julien,27,Quick-Step Floors,10.0,5.0,",,0:13",Gent_Wevelgem_in_Flanders_Fields_ME,0,26 March 2017,44.06 km/h,0,249 km,23
48,49,13,LAMPAERT Yves,25,Quick-Step Floors,10.0,5.0,",,0:13",Gent_Wevelgem_in_Flanders_Fields_ME,0,26 March 2017,44.06 km/h,0,249 km,23
49,50,165,FELLINE Fabio,26,Trek - Segafredo,10.0,5.0,",,0:13",Gent_Wevelgem_in_Flanders_Fields_ME,0,26 March 2017,44.06 km/h,0,249 km,23
50,51,18,TRENTIN Matteo,27,Quick-Step Floors,5.0,5.0,",,0:13",Gent_Wevelgem_in_Flanders_Fields_ME,0,26 March 2017,44.06 km/h,0,249 km,23
51,52,16,ŠTYBAR Zdeněk,31,Quick-Step Floors,5.0,5.0,",,0:13",Gent_Wevelgem_in_Flanders_Fields_ME,0,26 March 2017,44.06 km/h,0,249 km,23
52,53,212,CLAEYS Dimitri,29,"Cofidis, Solutions Crédits",5.0,5.0,",,0:13",Gent_Wevelgem_in_Flanders_Fields_ME,0,26 March 2017,44.06 km/h,0,249 km,23
53,54,68,PIBERNIK Luka,23,Bahrain Merida Pro Cycling Team,5.0,5.0,0:300:30,Gent_Wevelgem_in_Flanders_Fields_ME,0,26 March 2017,44.06 km/h,0,249 km,23
54,55,72,VAN ASBROECK Tom,26,Cannondale-Drapac Pro Cycling Team,5.0,5.0,1:201:20,Gent_Wevelgem_in_Flanders_Fields_ME,0,26 March 2017,44.06 km/h,0,249 km,23
55,56,28,SIEBERG Marcel,34,Lotto Soudal,3.0,5.0,1:321:32,Gent_Wevelgem_in_Flanders_Fields_ME,0,26 March 2017,44.06 km/h,0,249 km,23
56,57,132,VAN HOECKE Gijs,25,Team LottoNL-Jumbo,3.0,5.0,7:267:26,Gent_Wevelgem_in_Flanders_Fields_ME,0,26 March 2017,44.06 km/h,0,249 km,23
57,58,244,LIGTHART Pim,28,Roompot - Nederlandse Loterij,3.0,5.0,",,7:26",Gent_Wevelgem_in_Flanders_Fields_ME,0,26 March 2017,44.06 km/h,0,249 km,23
58,59,47,DUVAL Julien,26,AG2R La Mondiale,3.0,5.0,",,7:26",Gent_Wevelgem_in_Flanders_Fields_ME,0,26 March 2017,44.06 km/h,0,249 km,23
59,60,247,REINDERS Elmar,25,Roompot - Nederlandse Loterij,3.0,5.0,",,7:26",Gent_Wevelgem_in_Flanders_Fields_ME,0,26 March 2017,44.06 km/h,0,249 km,23
60,61,52,DE VREESE Laurens,28,Astana Pro Team,,5.0,",,7:26",Gent_Wevelgem_in_Flanders_Fields_ME,0,26 March 2017,44.06 km/h,0,249 km,23
61,62,25,HOFLAND Moreno,25,Lotto Soudal,,5.0,",,7:26",Gent_Wevelgem_in_Flanders_Fields_ME,0,26 March 2017,44.06 km/h,0,249 km,23
62,63,205,DUIJN Huub,32,Vérandas Willems-Crelan,,5.0,",,7:26",Gent_Wevelgem_in_Flanders_Fields_ME,0,26 March 2017,44.06 km/h,0,249 km,23
63,64,12,KEISSE Iljo,34,Quick-Step Floors,,5.0,",,7:26",Gent_Wevelgem_in_Flanders_Fields_ME,0,26 March 2017,44.06 km/h,0,249 km,23
64,65,37,VENTOSO Francisco José,34,BMC Racing Team,,5.0,",,7:26",Gent_Wevelgem_in_Flanders_Fields_ME,0,26 March 2017,44.06 km/h,0,249 km,23
65,66,117,THOMSON Jay Robert,30,Team Dimension Data,,5.0,",,7:26",Gent_Wevelgem_in_Flanders_Fields_ME,0,26 March 2017,44.06 km/h,0,249 km,23
66,67,92,BARBERO Carlos,25,Movistar Team,,5.0,",,7:26",Gent_Wevelgem_in_Flanders_Fields_ME,0,26 March 2017,44.06 km/h,0,249 km,23
67,68,128,ZABEL Rick,23,Team Katusha Alpecin,,5.0,",,7:26",Gent_Wevelgem_in_Flanders_Fields_ME,0,26 March 2017,44.06 km/h,0,249 km,23
68,69,124,KUZNETSOV Viacheslav,27,Team Katusha Alpecin,,5.0,",,7:26",Gent_Wevelgem_in_Flanders_Fields_ME,0,26 March 2017,44.06 km/h,0,249 km,23
69,70,199,MCNALLY Mark,27,Wanty - Groupe Gobert,,5.0,",,7:26",Gent_Wevelgem_in_Flanders_Fields_ME,0,26 March 2017,44.06 km/h,0,249 km,23
70,71,171,CONSONNI Simone,22,UAE Team Emirates,,5.0,",,7:26",Gent_Wevelgem_in_Flanders_Fields_ME,0,26 March 2017,44.06 km/h,0,249 km,23
71,72,77,MULLEN Ryan,22,Cannondale-Drapac Pro Cycling Team,,5.0,",,7:26",Gent_Wevelgem_in_Flanders_Fields_ME,0,26 March 2017,44.06 km/h,0,249 km,23
72,73,121,KRISTOFF Alexander,29,Team Katusha Alpecin,,5.0,",,7:26",Gent_Wevelgem_in_Flanders_Fields_ME,0,26 March 2017,44.06 km/h,0,249 km,23
73,74,195,PASQUALON Andrea,29,Wanty - Groupe Gobert,,5.0,",,7:26",Gent_Wevelgem_in_Flanders_Fields_ME,0,26 March 2017,44.06 km/h,0,249 km,23
74,75,187,VAN ROOY Kenneth,23,Sport Vlaanderen - Baloise,,5.0,",,7:26",Gent_Wevelgem_in_Flanders_Fields_ME,0,26 March 2017,44.06 km/h,0,249 km,23
75,76,114,EISEL Bernhard,36,Team Dimension Data,,5.0,",,7:26",Gent_Wevelgem_in_Flanders_Fields_ME,0,26 March 2017,44.06 km/h,0,249 km,23
76,77,236,VAN WINDEN Dennis,29,Israel Cycling Academy,,5.0,",,7:26",Gent_Wevelgem_in_Flanders_Fields_ME,0,26 March 2017,44.06 km/h,0,249 km,23
77,78,81,DÉMARE Arnaud,25,FDJ,,5.0,",,7:26",Gent_Wevelgem_in_Flanders_Fields_ME,0,26 March 2017,44.06 km/h,0,249 km,23
78,79,157,TEUNISSEN Mike,24,Team Sunweb,,5.0,",,7:26",Gent_Wevelgem_in_Flanders_Fields_ME,0,26 March 2017,44.06 km/h,0,249 km,23
79,80,133,GROENEWEGEN Dylan,23,Team LottoNL-Jumbo,,5.0,",,7:26",Gent_Wevelgem_in_Flanders_Fields_ME,0,26 March 2017,44.06 km/h,0,249 km,23
80,81,134,JANSEN Amund Grøndahl,23,Team LottoNL-Jumbo,,5.0,",,7:26",Gent_Wevelgem_in_Flanders_Fields_ME,0,26 March 2017,44.06 km/h,0,249 km,23
81,82,36,KÜNG Stefan,23,BMC Racing Team,,5.0,",,7:26",Gent_Wevelgem_in_Flanders_Fields_ME,0,26 March 2017,44.06 km/h,0,249 km,23
82,83,63,BOŽIČ Borut,36,Bahrain Merida Pro Cycling Team,,5.0,",,7:26",Gent_Wevelgem_in_Flanders_Fields_ME,0,26 March 2017,44.06 km/h,0,249 km,23
83,84,26,WALLAYS Jelle,27,Lotto Soudal,,5.0,",,7:26",Gent_Wevelgem_in_Flanders_Fields_ME,0,26 March 2017,44.06 km/h,0,249 km,23
84,85,122,PLANCKAERT Baptiste,28,Team Katusha Alpecin,,5.0,",,7:26",Gent_Wevelgem_in_Flanders_Fields_ME,0,26 March 2017,44.06 km/h,0,249 km,23
85,86,55,GRUZDEV Dmitriy,31,Astana Pro Team,,5.0,",,7:26",Gent_Wevelgem_in_Flanders_Fields_ME,0,26 March 2017,44.06 km/h,0,249 km,23
86,87,181,VAN HECKE Preben,34,Sport Vlaanderen - Baloise,,5.0,",,7:26",Gent_Wevelgem_in_Flanders_Fields_ME,0,26 March 2017,44.06 km/h,0,249 km,23
87,88,243,KREDER Raymond,27,Roompot - Nederlandse Loterij,,5.0,",,7:26",Gent_Wevelgem_in_Flanders_Fields_ME,0,26 March 2017,44.06 km/h,0,249 km,23
88,89,242,DE VRIES Berden,28,Roompot - Nederlandse Loterij,,5.0,",,7:26",Gent_Wevelgem_in_Flanders_Fields_ME,0,26 March 2017,44.06 km/h,0,249 km,23
89,90,35,TEUNS Dylan,25,BMC Racing Team,,5.0,",,7:26",Gent_Wevelgem_in_Flanders_Fields_ME,0,26 March 2017,44.06 km/h,0,249 km,23
90,91,48,BAGDONAS Gediminas,31,AG2R La Mondiale,,5.0,",,7:26",Gent_Wevelgem_in_Flanders_Fields_ME,0,26 March 2017,44.06 km/h,0,249 km,23
91,92,95,CARRETERO Héctor,21,Movistar Team,,5.0,",,7:26",Gent_Wevelgem_in_Flanders_Fields_ME,0,26 March 2017,44.06 km/h,0,249 km,23
92,93,4,BURGHARDT Marcus,33,BORA - hansgrohe,,5.0,",,7:26",Gent_Wevelgem_in_Flanders_Fields_ME,0,26 March 2017,44.06 km/h,0,249 km,23
93,94,3,BODNAR Maciej,32,BORA - hansgrohe,,5.0,",,7:26",Gent_Wevelgem_in_Flanders_Fields_ME,0,26 March 2017,44.06 km/h,0,249 km,23
94,95,131,BOOM Lars,31,Team LottoNL-Jumbo,,5.0,",,7:26",Gent_Wevelgem_in_Flanders_Fields_ME,0,26 March 2017,44.06 km/h,0,249 km,23
95,96,115,FARRAR Tyler,32,Team Dimension Data,,5.0,",,7:26",Gent_Wevelgem_in_Flanders_Fields_ME,0,26 March 2017,44.06 km/h,0,249 km,23
96,97,76,VAN BAARLE Dylan,24,Cannondale-Drapac Pro Cycling Team,,5.0,",,7:26",Gent_Wevelgem_in_Flanders_Fields_ME,0,26 March 2017,44.06 km/h,0,249 km,23
97,98,102,HAYMAN Mathew,38,ORICA-Scott,,5.0,",,7:26",Gent_Wevelgem_in_Flanders_Fields_ME,0,26 March 2017,44.06 km/h,0,249 km,23
98,99,75,LANGEVELD Sebastian,32,Cannondale-Drapac Pro Cycling Team,,5.0,",,7:26",Gent_Wevelgem_in_Flanders_Fields_ME,0,26 March 2017,44.06 km/h,0,249 km,23
99,100,216,SÉNÉCHAL Florian,23,"Cofidis, Solutions Crédits",,5.0,",,7:26",Gent_Wevelgem_in_Flanders_Fields_ME,0,26 March 2017,44.06 km/h,0,249 km,23
100,101,103,EWAN Caleb,22,ORICA-Scott,,5.0,",,7:26",Gent_Wevelgem_in_Flanders_Fields_ME,0,26 March 2017,44.06 km/h,0,249 km,23
101,102,194,KREDER Wesley,26,Wanty - Groupe Gobert,,5.0,",,7:26",Gent_Wevelgem_in_Flanders_Fields_ME,0,26 March 2017,44.06 km/h,0,249 km,23
102,103,126,MØRKØV Michael,31,Team Katusha Alpecin,,5.0,13:4713:47,Gent_Wevelgem_in_Flanders_Fields_ME,0,26 March 2017,44.06 km/h,0,249 km,23
103,104,65,GARCÍA CORTINA Iván,21,Bahrain Merida Pro Cycling Team,,5.0,",,13:47",Gent_Wevelgem_in_Flanders_Fields_ME,0,26 March 2017,44.06 km/h,0,249 km,23
104,105,178,ZURLO Federico,23,UAE Team Emirates,,5.0,",,13:47",Gent_Wevelgem_in_Flanders_Fields_ME,0,26 March 2017,44.06 km/h,0,249 km,23
105,106,87,LE GAC Olivier,23,FDJ,,5.0,",,13:47",Gent_Wevelgem_in_Flanders_Fields_ME,0,26 March 2017,44.06 km/h,0,249 km,23
106,107,82,DELAGE Mickaël,31,FDJ,,5.0,",,13:47",Gent_Wevelgem_in_Flanders_Fields_ME,0,26 March 2017,44.06 km/h,0,249 km,23
107,108,211,CHETOUT Loïc,24,"Cofidis, Solutions Crédits",,5.0,",,13:47",Gent_Wevelgem_in_Flanders_Fields_ME,0,26 March 2017,44.06 km/h,0,249 km,23
108,109,148,WIŚNIOWSKI Łukasz,25,Team Sky,,5.0,",,13:47",Gent_Wevelgem_in_Flanders_Fields_ME,0,26 March 2017,44.06 km/h,0,249 km,23
109,110,144,KNEES Christian,36,Team Sky,,5.0,",,13:47",Gent_Wevelgem_in_Flanders_Fields_ME,0,26 March 2017,44.06 km/h,0,249 km,23
110,111,226,MASSON Christophe,31,WB Veranclassic Aqua Protect,,5.0,",,13:47",Gent_Wevelgem_in_Flanders_Fields_ME,0,26 March 2017,44.06 km/h,0,249 km,23
111,112,166,RAST Grégory,37,Trek - Segafredo,,5.0,",,13:47",Gent_Wevelgem_in_Flanders_Fields_ME,0,26 March 2017,44.06 km/h,0,249 km,23
112,113,123,MARTIN Tony,31,Team Katusha Alpecin,,5.0,",,13:47",Gent_Wevelgem_in_Flanders_Fields_ME,0,26 March 2017,44.06 km/h,0,249 km,23
113,114,183,PLANCKAERT Edward,22,Sport Vlaanderen - Baloise,,5.0,13:5113:51,Gent_Wevelgem_in_Flanders_Fields_ME,0,26 March 2017,44.06 km/h,0,249 km,23
114,115,145,MOSCON Gianni,22,Team Sky,,5.0,13:5213:52,Gent_Wevelgem_in_Flanders_Fields_ME,0,26 March 2017,44.06 km/h,0,249 km,23
115,DNF,197,VANSPEYBROUCK Pieter,30,Wanty - Groupe Gobert,,,-,Gent_Wevelgem_in_Flanders_Fields_ME,0,26 March 2017,44.06 km/h,0,249 km,23
116,DNF,44,BARBIER Rudy,24,AG2R La Mondiale,,,-,Gent_Wevelgem_in_Flanders_Fields_ME,0,26 March 2017,44.06 km/h,0,249 km,23
117,DNF,245,LOOIJ André,21,Roompot - Nederlandse Loterij,,,-,Gent_Wevelgem_in_Flanders_Fields_ME,0,26 March 2017,44.06 km/h,0,249 km,23
118,DNF,97,PEDRERO Antonio,25,Movistar Team,,,-,Gent_Wevelgem_in_Flanders_Fields_ME,0,26 March 2017,44.06 km/h,0,249 km,23
119,DNF,74,SCULLY Tom,27,Cannondale-Drapac Pro Cycling Team,,,-,Gent_Wevelgem_in_Flanders_Fields_ME,0,26 March 2017,44.06 km/h,0,249 km,23
120,DNF,173,KUMP Marko,28,UAE Team Emirates,,,-,Gent_Wevelgem_in_Flanders_Fields_ME,0,26 March 2017,44.06 km/h,0,249 km,23
121,DNF,217,VAN STAEYEN Michael,28,"Cofidis, Solutions Crédits",,,-,Gent_Wevelgem_in_Flanders_Fields_ME,0,26 March 2017,44.06 km/h,0,249 km,23
122,DNF,221,DE WINTER Ludwig,24,WB Veranclassic Aqua Protect,,,-,Gent_Wevelgem_in_Flanders_Fields_ME,0,26 March 2017,44.06 km/h,0,249 km,23
123,DNF,108,CORT Magnus,24,ORICA-Scott,,,-,Gent_Wevelgem_in_Flanders_Fields_ME,0,26 March 2017,44.06 km/h,0,249 km,23
124,DNF,164,REIJNEN Kiel,30,Trek - Segafredo,,,-,Gent_Wevelgem_in_Flanders_Fields_ME,0,26 March 2017,44.06 km/h,0,249 km,23
125,DNF,61,FENG Chun Kai,28,Bahrain Merida Pro Cycling Team,,,-,Gent_Wevelgem_in_Flanders_Fields_ME,0,26 March 2017,44.06 km/h,0,249 km,23
126,DNF,207,GOOLAERTS Michael,22,Vérandas Willems-Crelan,,,-,Gent_Wevelgem_in_Flanders_Fields_ME,0,26 March 2017,44.06 km/h,0,249 km,23
127,DNF,224,KIRSCH Alex,24,WB Veranclassic Aqua Protect,,,-,Gent_Wevelgem_in_Flanders_Fields_ME,0,26 March 2017,44.06 km/h,0,249 km,23
128,DNF,106,KLUGE Roger,31,ORICA-Scott,,,-,Gent_Wevelgem_in_Flanders_Fields_ME,0,26 March 2017,44.06 km/h,0,249 km,23
129,DNF,137,WAGNER Robert,33,Team LottoNL-Jumbo,,,-,Gent_Wevelgem_in_Flanders_Fields_ME,0,26 March 2017,44.06 km/h,0,249 km,23
130,DNF,73,KOREN Kristijan,30,Cannondale-Drapac Pro Cycling Team,,,-,Gent_Wevelgem_in_Flanders_Fields_ME,0,26 March 2017,44.06 km/h,0,249 km,23
131,DNF,43,DENZ Nico,23,AG2R La Mondiale,,,-,Gent_Wevelgem_in_Flanders_Fields_ME,0,26 March 2017,44.06 km/h,0,249 km,23
132,DNF,5,KOLÁŘ Michael,24,BORA - hansgrohe,,,-,Gent_Wevelgem_in_Flanders_Fields_ME,0,26 March 2017,44.06 km/h,0,249 km,23
133,DNF,241,ASSELMAN Jesper,27,Roompot - Nederlandse Loterij,,,-,Gent_Wevelgem_in_Flanders_Fields_ME,0,26 March 2017,44.06 km/h,0,249 km,23
134,DNF,153,CURVERS Roy,37,Team Sunweb,,,-,Gent_Wevelgem_in_Flanders_Fields_ME,0,26 March 2017,44.06 km/h,0,249 km,23
135,DNF,198,ANTONINI Simone,26,Wanty - Groupe Gobert,,,-,Gent_Wevelgem_in_Flanders_Fields_ME,0,26 March 2017,44.06 km/h,0,249 km,23
136,DNF,188,WALLAYS Jens,24,Sport Vlaanderen - Baloise,,,-,Gent_Wevelgem_in_Flanders_Fields_ME,0,26 March 2017,44.06 km/h,0,249 km,23
137,DNF,215,LEMOINE Cyril,34,"Cofidis, Solutions Crédits",,,-,Gent_Wevelgem_in_Flanders_Fields_ME,0,26 March 2017,44.06 km/h,0,249 km,23
138,DNF,231,BOIVIN Guillaume,27,Israel Cycling Academy,,,-,Gent_Wevelgem_in_Flanders_Fields_ME,0,26 March 2017,44.06 km/h,0,249 km,23
139,DNF,85,MANZIN Lorrenzo,22,FDJ,,,-,Gent_Wevelgem_in_Flanders_Fields_ME,0,26 March 2017,44.06 km/h,0,249 km,23
140,DNF,83,GUARNIERI Jacopo,29,FDJ,,,-,Gent_Wevelgem_in_Flanders_Fields_ME,0,26 March 2017,44.06 km/h,0,249 km,23
141,DNF,182,FARAZIJN Maxime,22,Sport Vlaanderen - Baloise,,,-,Gent_Wevelgem_in_Flanders_Fields_ME,0,26 March 2017,44.06 km/h,0,249 km,23
142,DNF,206,DUPONT Timothy,29,Vérandas Willems-Crelan,,,-,Gent_Wevelgem_in_Flanders_Fields_ME,0,26 March 2017,44.06 km/h,0,249 km,23
143,DNF,185,STEELS Stijn,27,Sport Vlaanderen - Baloise,,,-,Gent_Wevelgem_in_Flanders_Fields_ME,0,26 March 2017,44.06 km/h,0,249 km,23
144,DNF,112,REGUIGUI Youcef,27,Team Dimension Data,,,-,Gent_Wevelgem_in_Flanders_Fields_ME,0,26 March 2017,44.06 km/h,0,249 km,23
145,DNF,196,STENUIT Robin,26,Wanty - Groupe Gobert,,,-,Gent_Wevelgem_in_Flanders_Fields_ME,0,26 March 2017,44.06 km/h,0,249 km,23
146,DNF,234,PERRY Benjamin,23,Israel Cycling Academy,,,-,Gent_Wevelgem_in_Flanders_Fields_ME,0,26 March 2017,44.06 km/h,0,249 km,23
147,DNF,248,VAN DER HOORN Taco,23,Roompot - Nederlandse Loterij,,,-,Gent_Wevelgem_in_Flanders_Fields_ME,0,26 March 2017,44.06 km/h,0,249 km,23
148,DNF,238,TUREK Daniel,24,Israel Cycling Academy,,,-,Gent_Wevelgem_in_Flanders_Fields_ME,0,26 March 2017,44.06 km/h,0,249 km,23
149,DNF,113,DOUGALL Nic,24,Team Dimension Data,,,-,Gent_Wevelgem_in_Flanders_Fields_ME,0,26 March 2017,44.06 km/h,0,249 km,23
150,DNF,152,WAEYTENS Zico,25,Team Sunweb,,,-,Gent_Wevelgem_in_Flanders_Fields_ME,0,26 March 2017,44.06 km/h,0,249 km,23
151,DNF,177,TROIA Oliviero,22,UAE Team Emirates,,,-,Gent_Wevelgem_in_Flanders_Fields_ME,0,26 March 2017,44.06 km/h,0,249 km,23
152,DNF,202,VAN ZUMMEREN Stef,25,Vérandas Willems-Crelan,,,-,Gent_Wevelgem_in_Flanders_Fields_ME,0,26 March 2017,44.06 km/h,0,249 km,23
153,DNF,208,KRUOPIS Aidis,30,Vérandas Willems-Crelan,,,-,Gent_Wevelgem_in_Flanders_Fields_ME,0,26 March 2017,44.06 km/h,0,249 km,23
154,DNF,232,DEMPSTER Zak,29,Israel Cycling Academy,,,-,Gent_Wevelgem_in_Flanders_Fields_ME,0,26 March 2017,44.06 km/h,0,249 km,23
155,DNF,93,BICO Nuno,22,Movistar Team,,,-,Gent_Wevelgem_in_Flanders_Fields_ME,0,26 March 2017,44.06 km/h,0,249 km,23
156,DNF,84,KONOVALOVAS Ignatas,31,FDJ,,,-,Gent_Wevelgem_in_Flanders_Fields_ME,0,26 March 2017,44.06 km/h,0,249 km,23
157,DNF,66,INSAUSTI Jon Ander,24,Bahrain Merida Pro Cycling Team,,,-,Gent_Wevelgem_in_Flanders_Fields_ME,0,26 March 2017,44.06 km/h,0,249 km,23
158,DNF,45,GOUGEARD Alexis,24,AG2R La Mondiale,,,-,Gent_Wevelgem_in_Flanders_Fields_ME,0,26 March 2017,44.06 km/h,0,249 km,23
159,DNF,27,BAK Lars Ytting,37,Lotto Soudal,,,-,Gent_Wevelgem_in_Flanders_Fields_ME,0,26 March 2017,44.06 km/h,0,249 km,23
160,DNF,116,RENSHAW Mark,34,Team Dimension Data,,,-,Gent_Wevelgem_in_Flanders_Fields_ME,0,26 March 2017,44.06 km/h,0,249 km,23
161,DNF,174,LAENGEN Vegard Stake,28,UAE Team Emirates,,,-,Gent_Wevelgem_in_Flanders_Fields_ME,0,26 March 2017,44.06 km/h,0,249 km,23
162,DNF,56,LUTSENKO Alexey,24,Astana Pro Team,,,-,Gent_Wevelgem_in_Flanders_Fields_ME,0,26 March 2017,44.06 km/h,0,249 km,23
163,DNF,233,NEILANDS Krists,22,Israel Cycling Academy,,,-,Gent_Wevelgem_in_Flanders_Fields_ME,0,26 March 2017,44.06 km/h,0,249 km,23
164,DNF,227,STASSEN Julien,28,WB Veranclassic Aqua Protect,,,-,Gent_Wevelgem_in_Flanders_Fields_ME,0,26 March 2017,44.06 km/h,0,249 km,23
165,DNF,223,JANS Roy,26,WB Veranclassic Aqua Protect,,,-,Gent_Wevelgem_in_Flanders_Fields_ME,0,26 March 2017,44.06 km/h,0,249 km,23
166,DNF,143,DOULL Owain,23,Team Sky,,,-,Gent_Wevelgem_in_Flanders_Fields_ME,0,26 March 2017,44.06 km/h,0,249 km,23
167,DNF,151,DE BACKER Bert,32,Team Sunweb,,,-,Gent_Wevelgem_in_Flanders_Fields_ME,0,26 March 2017,44.06 km/h,0,249 km,23
168,DNF,203,DE BONDT Dries,25,Vérandas Willems-Crelan,,,-,Gent_Wevelgem_in_Flanders_Fields_ME,0,26 March 2017,44.06 km/h,0,249 km,23
169,DNF,42,VANDENBERGH Stijn,32,AG2R La Mondiale,,,-,Gent_Wevelgem_in_Flanders_Fields_ME,0,26 March 2017,44.06 km/h,0,249 km,23
170,DNF,7,SARAMOTINS Aleksejs,34,BORA - hansgrohe,,,-,Gent_Wevelgem_in_Flanders_Fields_ME,0,26 March 2017,44.06 km/h,0,249 km,23
171,DNF,94,BETANCUR Carlos,27,Movistar Team,,,-,Gent_Wevelgem_in_Flanders_Fields_ME,0,26 March 2017,44.06 km/h,0,249 km,23
172,DNF,86,LADAGNOUS Matthieu,32,FDJ,,,-,Gent_Wevelgem_in_Flanders_Fields_ME,0,26 March 2017,44.06 km/h,0,249 km,23
173,DNF,67,PER David,22,Bahrain Merida Pro Cycling Team,,,-,Gent_Wevelgem_in_Flanders_Fields_ME,0,26 March 2017,44.06 km/h,0,249 km,23
174,DNF,34,QUINZIATO Manuel,37,BMC Racing Team,,,-,Gent_Wevelgem_in_Flanders_Fields_ME,0,26 March 2017,44.06 km/h,0,249 km,23
175,DNF,53,GATTO Oscar,32,Astana Pro Team,,,-,Gent_Wevelgem_in_Flanders_Fields_ME,0,26 March 2017,44.06 km/h,0,249 km,23
176,DNF,163,VAN POPPEL Boy,29,Trek - Segafredo,,,-,Gent_Wevelgem_in_Flanders_Fields_ME,0,26 March 2017,44.06 km/h,0,249 km,23
177,DNF,172,GANNA Filippo,20,UAE Team Emirates,,,-,Gent_Wevelgem_in_Flanders_Fields_ME,0,26 March 2017,44.06 km/h,0,249 km,23
178,DNF,57,TLEUBAYEV Ruslan,30,Astana Pro Team,,,-,Gent_Wevelgem_in_Flanders_Fields_ME,0,26 March 2017,44.06 km/h,0,249 km,23
179,DNF,201,PREMONT Christophe,27,Vérandas Willems-Crelan,,,-,Gent_Wevelgem_in_Flanders_Fields_ME,0,26 March 2017,44.06 km/h,0,249 km,23
180,DNF,24,FRISON Frederik,24,Lotto Soudal,,,-,Gent_Wevelgem_in_Flanders_Fields_ME,0,26 March 2017,44.06 km/h,0,249 km,23
181,DNF,235,RÄIM Mihkel,23,Israel Cycling Academy,,,-,Gent_Wevelgem_in_Flanders_Fields_ME,0,26 March 2017,44.06 km/h,0,249 km,23
182,DNF,141,ROWE Luke,27,Team Sky,,,-,Gent_Wevelgem_in_Flanders_Fields_ME,0,26 March 2017,44.06 km/h,0,249 km,23
183,DNF,91,ARCAS Jorge,24,Movistar Team,,,-,Gent_Wevelgem_in_Flanders_Fields_ME,0,26 March 2017,44.06 km/h,0,249 km,23
184,DNF,51,BRESCHEL Matti,32,Astana Pro Team,,,-,Gent_Wevelgem_in_Flanders_Fields_ME,0,26 March 2017,44.06 km/h,0,249 km,23
185,DNF,218,VANBILSEN Kenneth,26,"Cofidis, Solutions Crédits",,,-,Gent_Wevelgem_in_Flanders_Fields_ME,0,26 March 2017,44.06 km/h,0,249 km,23
186,DNF,8,SCHILLINGER Andreas,33,BORA - hansgrohe,,,-,Gent_Wevelgem_in_Flanders_Fields_ME,0,26 March 2017,44.06 km/h,0,249 km,23
187,DNF,156,SINKELDAM Ramon,28,Team Sunweb,,,-,Gent_Wevelgem_in_Flanders_Fields_ME,0,26 March 2017,44.06 km/h,0,249 km,23
188,DNF,88,SARREAU Marc,23,FDJ,,,-,Gent_Wevelgem_in_Flanders_Fields_ME,0,26 March 2017,44.06 km/h,0,249 km,23
189,DNF,158,ARNDT Nikias,25,Team Sunweb,,,-,Gent_Wevelgem_in_Flanders_Fields_ME,0,26 March 2017,44.06 km/h,0,249 km,23
190,DNF,204,VERGAERDE Otto,22,Vérandas Willems-Crelan,,,-,Gent_Wevelgem_in_Flanders_Fields_ME,0,26 March 2017,44.06 km/h,0,249 km,23
191,DNF,237,SAGIV Guy,22,Israel Cycling Academy,,,-,Gent_Wevelgem_in_Flanders_Fields_ME,0,26 March 2017,44.06 km/h,0,249 km,23
192,DNF,147,VAN POPPEL Danny,23,Team Sky,,,-,Gent_Wevelgem_in_Flanders_Fields_ME,0,26 March 2017,44.06 km/h,0,249 km,23
193,DNF,78,WIPPERT Wouter,26,Cannondale-Drapac Pro Cycling Team,,,-,Gent_Wevelgem_in_Flanders_Fields_ME,0,26 March 2017,44.06 km/h,0,249 km,23
194,DNF,127,BYSTRØM Sven Erik,25,Team Katusha Alpecin,,,-,Gent_Wevelgem_in_Flanders_Fields_ME,0,26 March 2017,44.06 km/h,0,249 km,23
195,DNF,125,HALLER Marco,25,Team Katusha Alpecin,,,-,Gent_Wevelgem_in_Flanders_Fields_ME,0,26 March 2017,44.06 km/h,0,249 km,23
196,DNF,225,NAESEN Lawrence,24,WB Veranclassic Aqua Protect,,,-,Gent_Wevelgem_in_Flanders_Fields_ME,0,26 March 2017,44.06 km/h,0,249 km,23
197,DNF,222,DUQUENNOY Jimmy,21,WB Veranclassic Aqua Protect,,,-,Gent_Wevelgem_in_Flanders_Fields_ME,0,26 March 2017,44.06 km/h,0,249 km,23
198,DNF,138,LEEZER Tom,31,Team LottoNL-Jumbo,,,-,Gent_Wevelgem_in_Flanders_Fields_ME,0,26 March 2017,44.06 km/h,0,249 km,23
199,DNF,146,DIBBEN Jonathan,23,Team Sky,,,-,Gent_Wevelgem_in_Flanders_Fields_ME,0,26 March 2017,44.06 km/h,0,249 km,23
